/******************************************************************************************
    Copyright (C) 1997-2014 Andrew F. Neuwald, Cold Spring Harbor Laboratory
    and the University of Maryland School of Medicine.

    Permission is hereby granted, free of charge, to any person obtaining a copy of 
    this software and associated documentation files (the "Software"), to deal in the 
    Software without restriction, including without limitation the rights to use, copy, 
    modify, merge, publish, distribute, sublicense, and/or sell copies of the Software,
    and to permit persons to whom the Software is furnished to do so, subject to the 
    following conditions:

    The above copyright notice and this permission notice shall be included in all 
    copies or substantial portions of the Software.

    THE SOFTWARE IS PROVIDED "AS IS", WITHOUT WARRANTY OF ANY KIND, EXPRESS OR IMPLIED, 
    INCLUDING BUT NOT LIMITED TO THE WARRANTIES OF MERCHANTABILITY, FITNESS FOR A PARTICULAR 
    PURPOSE AND NONINFRINGEMENT.  IN NO EVENT SHALL THE AUTHORS OR COPYRIGHT HOLDERS BE 
    LIABLE FOR ANY CLAIM, DAMAGES OR OTHER LIABILITY, WHETHER IN AN ACTION OF CONTRACT, TORT 
    OR OTHERWISE, ARISING FROM, OUT OF OR IN CONNECTION WITH THE SOFTWARE OR THE USE OR 
    OTHER DEALINGS IN THE SOFTWARE.

    For further information contact:
         Andrew F. Neuwald
         Institute for Genome Sciences and
         Department of Biochemistry & Molecular Biology
         University of Maryland School of Medicine
         801 West Baltimore St.
         BioPark II, Room 617
         Baltimore, MD 21201
         Tel: 410-706-6724; Fax: 410-706-1482; E-mail: aneuwald@som.umaryland.edu
 ******************************************************************************************/

#if !defined (BLOSUM40H)
#define BLOSUM40H

static float blosum40L[21][21] = {
{1.,1.,1.,1.,1.,1.,1.,1.,1.,1.,1.,1.,1.,1.,1.,1.,1.,1.,1.,1.,1.},
{1.,   14.7833,    0.6119,    0.7629,    0.8272,    0.8507, 
   0.6971,    0.6643,    0.6833,    0.4960,    0.6459, 
   0.5655,    0.4942,    0.3693,    0.4695,    0.6515, 
   0.6997,    0.5342,    0.6704,    0.5825,    0.4574, },
{1.,   0.6119,    4.2999,    1.0976,    1.0900,    0.7195, 
   1.0662,    0.7624,    0.6131,    0.7166,    0.7514, 
   0.5918,    0.6630,    0.7290,    0.6208,    0.5753, 
   0.5389,    0.5171,    0.4945,    0.6891,    0.7901, },
{1.,   0.7629,    1.0976,    2.4891,    1.2670,    1.0049, 
   0.8784,    0.7834,    0.8708,    0.9518,    0.8784, 
   0.7601,    0.6824,    0.6397,    0.7150,    0.6223, 
   1.0425,    0.7984,    0.7269,    0.9137,    0.7453, },
{1.,   0.8272,    1.0900,    1.2670,    2.3887,    1.3729, 
   1.1705,    0.9348,    0.9428,    1.2107,    0.9235, 
   0.8193,    0.8043,    0.4365,    0.7100,    0.6579, 
   0.7788,    0.6767,    0.6263,    0.7442,    0.7966, },
{1.,   0.8507,    0.7195,    1.0049,    1.3729,    2.6805, 
   0.9891,    0.8980,    0.8236,    0.8054,    0.9431, 
   0.7497,    0.6858,    0.4807,    0.7757,    0.7961, 
   1.1713,    0.9082,    0.8633,    0.8870,    0.9278, },
{1.,   0.6971,    1.0662,    0.8784,    1.1705,    0.9891, 
   3.8283,    1.3635,    0.9112,    1.1282,    1.0463, 
   0.9187,    1.1976,    0.4959,    0.6562,    0.6344, 
   0.5928,    0.6847,    0.5650,    0.7332,    0.7031, },
{1.,   0.6643,    0.7624,    0.7834,    0.9348,    0.8980, 
   1.3635,    4.4710,    1.5054,    0.8583,    0.9446, 
   0.8094,    0.9731,    0.4463,    0.6020,    0.5268, 
   0.6056,    0.5209,    0.5662,    0.5762,    0.7627, },
{1.,   0.6833,    0.6131,    0.8708,    0.9428,    0.8236, 
   0.9112,    1.5054,    3.3309,    1.4874,    1.2579, 
   0.8897,    0.9721,    0.6562,    0.6882,    0.5584, 
   0.6210,    0.5127,    0.6831,    0.6889,    0.9637, },
{1.,   0.4960,    0.7166,    0.9518,    1.2107,    0.8054, 
   1.1282,    0.8583,    1.4874,    3.8182,    1.2045, 
   1.3657,    1.0475,    0.7788,    0.8149,    0.4995, 
   0.5895,    0.5681,    0.7351,    0.8645,    0.7699, },
{1.,   0.6459,    0.7514,    0.8784,    0.9235,    0.9431, 
   1.0463,    0.9446,    1.2579,    1.2045,    2.7385, 
   1.7148,    0.8379,    0.6598,    0.8014,    0.6368, 
   0.6731,    0.6294,    0.6835,    0.8351,    0.8345, },
{1.,   0.5655,    0.5918,    0.7601,    0.8193,    0.7497, 
   0.9187,    0.8094,    0.8897,    1.3657,    1.7148, 
   4.4107,    0.9216,    0.7341,    0.8967,    0.6742, 
   0.6947,    0.5682,    0.6756,    0.8799,    0.6063, },
{1.,   0.4942,    0.6630,    0.6824,    0.8043,    0.6858, 
   1.1976,    0.9731,    0.9721,    1.0475,    0.8379, 
   0.9216,    8.7598,    0.4416,    1.3455,    0.7191, 
   0.4750,    0.5531,    0.7441,    1.1113,    0.6880, },
{1.,   0.3693,    0.7290,    0.6397,    0.4365,    0.4807, 
   0.4959,    0.4463,    0.6562,    0.7788,    0.6598, 
   0.7341,    0.4416,    24.8763,    1.7427,    1.2272, 
   0.5481,    0.5801,    0.7929,    0.7195,    0.5071, },
{1.,   0.4695,    0.6208,    0.7150,    0.7100,    0.7757, 
   0.6562,    0.6020,    0.6882,    0.8149,    0.8014, 
   0.8967,    1.3455,    1.7427,    4.9417,    1.9646, 
   0.8521,    0.9459,    0.9991,    1.1588,    0.5653, },
{1.,   0.6515,    0.5753,    0.6223,    0.6579,    0.7961, 
   0.6344,    0.5268,    0.5584,    0.4995,    0.6368, 
   0.6742,    0.7191,    1.2272,    1.9646,    4.8980, 
   0.9952,    1.1338,    1.3405,    1.0358,    0.4811, },
{1.,   0.6997,    0.5389,    1.0425,    0.7788,    1.1713, 
   0.5928,    0.6056,    0.6210,    0.5895,    0.6731, 
   0.6947,    0.4750,    0.5481,    0.8521,    0.9952, 
   2.4899,    2.0694,    1.3668,    1.1294,    0.5713, },
{1.,   0.5342,    0.5171,    0.7984,    0.6767,    0.9082, 
   0.6847,    0.5209,    0.5127,    0.5681,    0.6294, 
   0.5682,    0.5531,    0.5801,    0.9459,    1.1338, 
   2.0694,    2.9496,    1.5351,    1.2735,    0.7101, },
{1.,   0.6704,    0.4945,    0.7269,    0.6263,    0.8633, 
   0.5650,    0.5662,    0.6831,    0.7351,    0.6835, 
   0.6756,    0.7441,    0.7929,    0.9991,    1.3405, 
   1.3668,    1.5351,    2.6275,    1.7398,    0.5220, },
{1.,   0.5825,    0.6891,    0.9137,    0.7442,    0.8870, 
   0.7332,    0.5762,    0.6889,    0.8645,    0.8351, 
   0.8799,    1.1113,    0.7195,    1.1588,    1.0358, 
   1.1294,    1.2735,    1.7398,    3.2816,    0.6648, },
{1.,   0.4574,    0.7901,    0.7453,    0.7966,    0.9278, 
   0.7031,    0.7627,    0.9637,    0.7699,    0.8345, 
   0.6063,    0.6880,    0.5071,    0.5653,    0.4811, 
   0.5713,    0.7101,    0.5220,    0.6648,    7.1132, }
};

#endif

